0.193
0.203
0.235
0.203
0.217
0.199
0.203
0.200
0.191
0.212
0.201
0.208
0.210
0.191
0.196
0.192
0.193
0.196
0.193
0.201
0.207
0.193
0.203
0.193
0.204
0.194
0.191
0.214
0.202
0.198
0.200
0.193
0.219
0.210
0.203
0.209
0.217
0.216
0.193
0.199
0.195
0.206
0.201
0.192
0.200
0.197
0.197
0.195
0.198
0.193
0.205
0.205
0.205
0.206
0.203
0.194
0.192
0.198
0.204
0.212
0.211
0.192
0.200
0.195
0.193
0.200
0.204
0.191
0.194
0.206
0.214
0.192
0.203
0.202
0.191
0.197
0.193
0.199
0.203
0.209
0.210
0.200
0.195
0.212
0.198
0.193
0.193
0.196
0.192
0.208
0.205
0.212
0.192
0.207
0.195
0.193
0.207
0.192
0.192
0.200
