0.231
0.222
0.221
0.221
0.220
0.225
0.222
0.228
0.255
0.232
0.220
0.234
0.223
0.228
0.223
0.234
0.225
0.228
0.227
0.234
0.233
0.224
0.227
0.227
0.225
0.226
0.221
0.226
0.238
0.233
0.232
0.231
0.234
0.236
0.219
0.231
0.221
0.221
0.230
0.237
0.239
0.242
0.257
0.244
0.228
0.233
0.227
0.225
0.221
0.222
0.224
0.238
0.224
0.229
0.248
0.221
0.230
0.231
0.223
0.235
0.231
0.234
0.238
0.227
0.227
0.232
0.242
0.254
0.234
0.222
0.219
0.232
0.231
0.225
0.233
0.228
0.220
0.241
0.233
0.221
0.229
0.231
0.265
0.239
0.231
0.223
0.223
0.236
0.227
0.230
0.237
0.241
0.221
0.223
0.233
0.232
0.228
0.228
0.227
0.228
